SJPG
24 16
mode 2
RLE
1322 0 0 0 0 0 0 0 0 0 0 0 0 0 0 0 0 0 0 0 0 0 0 0 0 0 0 0 0 0 0 -11 0 0 0 0 0 0 0 0 0 0 0 0 0 0 0 0 0 0 0 0 0 0 0 0 0 0 0 0 0 0 0 0 
1370 0 -70 52 18 -47 23 0 -72 39 58 -60 0 42 -19 0 21 -12 -19 27 0 -10 0 13 11 0 -25 0 10 0 0 0 -26 0 42 -23 -14 18 0 0 22 -15 -10 13 0 0 0 0 0 0 -11 0 11 0 -11 0 0 0 25 0 -13 0 0 0 
840 0 0 0 0 0 0 0 567 0 0 10 0 0 0 0 -208 0 0 0 0 0 0 0 -72 0 0 0 0 0 0 0 174 0 0 0 0 0 0 0 -47 0 0 0 0 0 0 0 -85 0 0 0 0 0 0 0 113 0 0 0 0 0 0 0 
1160 222 -224 192 -167 132 -88 47 0 0 0 0 0 0 0 0 0 0 0 0 0 0 0 0 0 0 0 0 0 0 0 0 0 0 0 0 0 0 0 0 0 0 0 0 0 0 0 0 0 0 0 0 0 0 0 0 0 0 0 0 0 0 0 0 
1156 220 -220 195 -168 129 -89 47 0 0 0 0 0 0 0 0 0 0 0 0 0 0 0 0 0 0 0 0 0 0 0 0 0 0 0 0 0 0 0 0 0 0 0 0 0 0 0 0 0 0 0 0 0 0 0 0 0 0 0 0 0 0 0 0 
729 144 -136 122 -104 81 -56 28 488 96 -91 82 -69 54 -37 19 -190 -37 35 -32 27 -21 14 0 -71 -14 13 -11 10 0 0 0 145 28 -27 24 -20 16 -11 0 -47 0 0 0 0 0 0 0 -78 -15 14 -13 11 0 0 0 97 19 -18 16 -13 10 0 0 
1394 33 -30 30 -24 20 -13 0 0 0 0 0 0 0 0 0 0 0 0 0 0 0 0 0 0 0 0 0 0 0 0 0 0 0 0 0 0 0 0 0 0 0 0 0 0 0 0 0 0 0 0 0 0 0 0 0 0 0 0 0 0 0 0 0 
1369 15 -18 57 0 16 -30 0 23 18 0 -27 -23 0 22 19 0 0 0 0 0 0 -11 -10 -10 0 0 0 0 0 0 0 11 0 0 -10 0 0 0 0 0 0 0 0 0 0 0 0 0 0 0 0 0 0 0 0 0 0 0 0 0 0 0 0 
1253 18 -18 23 -11 11 -13 0 150 10 -10 19 0 0 -12 0 -65 0 0 0 0 0 0 0 -27 0 0 0 0 0 0 0 43 0 0 0 0 0 0 0 -17 0 0 0 0 0 0 0 -26 0 0 0 0 0 0 0 30 0 0 0 0 0 0 0 
1418 0 0 0 0 0 0 0 0 0 0 0 0 0 0 0 0 0 0 0 0 0 0 0 0 0 0 0 0 0 0 0 0 0 0 0 0 0 0 0 0 0 0 0 0 0 0 0 0 0 0 0 0 0 0 0 0 0 0 0 0 0 0 0 
1369 25 34 -28 0 19 -14 0 45 -17 -42 35 0 -23 17 0 -11 0 12 -18 0 12 0 0 -19 0 11 0 0 0 0 0 22 0 -12 0 0 0 0 0 0 0 0 0 0 0 0 0 0 0 0 0 0 0 0 0 11 0 0 0 0 0 0 0 
1265 0 0 0 0 0 0 0 155 0 0 -11 0 0 0 0 -74 0 0 -10 0 0 0 0 -32 0 0 0 0 0 0 0 42 0 0 0 0 0 0 0 -21 0 0 0 0 0 0 0 -30 0 0 0 0 0 0 0 31 0 0 0 0 0 0 0 
1370 61 -47 21 0 -14 19 -12 0 0 0 0 0 0 0 0 0 0 0 0 0 0 0 0 0 0 0 0 0 0 0 0 0 0 0 0 0 0 0 0 0 0 0 0 0 0 0 0 0 0 0 0 0 0 0 0 0 0 0 0 0 0 0 0 
1369 60 -46 22 0 -15 19 -12 0 0 0 0 0 0 0 0 0 0 0 0 0 0 0 0 0 0 0 0 0 0 0 0 0 0 0 0 0 0 0 0 0 0 0 0 0 0 0 0 0 0 0 0 0 0 0 0 0 0 0 0 0 0 0 0 
1241 39 -28 14 0 0 11 0 145 26 -19 0 0 0 0 0 -56 -10 0 0 0 0 0 0 -21 0 0 0 0 0 0 0 43 0 0 0 0 0 0 0 -14 0 0 0 0 0 0 0 -23 0 0 0 0 0 0 0 29 0 0 0 0 0 0 0 
