SJPG
24 16
mode 1
RLE
1322 #30 -11 #32
1370 -70 52 18 -47 23 -72 39 58 -60 42 -19 21 -12 -19 27 -10 13 11 -25 10 #3 -26 42 -23 -14 18 #2 22 -15 -10 13 #6 -11 11 -11 #3 25 -13 #3
840 #7 567 #2 10 #4 -208 #7 -72 #7 174 #7 -47 #7 -85 #7 113 #7
1160 222 -224 192 -167 132 -88 47 #56
1156 220 -220 195 -168 129 -89 47 #56
729 144 -136 122 -104 81 -56 28 488 96 -91 82 -69 54 -37 19 -190 -37 35 -32 27 -21 14 -71 -14 13 -11 10 #3 145 28 -27 24 -20 16 -11 -47 #7 -78 -15 14 -13 11 #3 97 19 -18 16 -13 10 #2
1418 #63
1369 26 39 -33 11 #2 45 -18 -46 38 -18 #2 -11 #2 -16 15 -10 -19 14 #5 22 -10 -15 #21 11 #7
1265 #7 155 #2 -11 #4 -74 #2 -10 #4 -32 #7 42 #7 -21 #7 -30 #7 31 #7
1370 66 -66 57 -49 39 -26 14 #56
1369 65 -65 58 -50 38 -26 14 #56
1241 43 -40 36 -31 24 -16 145 28 -27 24 -20 16 -11 -56 -11 10 #5 -21 #7 43 #7 -14 #7 -23 #7 29 #7
1364 #63
1322 23 33 -29 10 #2 39 -15 -39 33 -16 #5 -14 13 #2 -16 12 #5 19 -13 #21 10 #7
1232 #7 134 #7 -64 #7 -28 #7 37 #7 -18 #7 -26 #7 27 #7
1322 57 -57 49 -43 34 -22 12 #56
1321 56 -56 50 -43 33 -23 12 #56
1211 37 -35 31 -26 21 -14 125 24 -23 21 -17 14 #2 -49 #7 -18 #7 37 #7 -12 #7 -20 #7 25 #7
