SJPG
24 16
mode 1
RLE
1322 0 0 0 0 0 0 0 0 0 0 0 0 0 0 0 0 0 0 0 0 0 0 0 0 0 0 0 0 0 0 -11 0 0 0 0 0 0 0 0 0 0 0 0 0 0 0 0 0 0 0 0 0 0 0 0 0 0 0 0 0 0 0 0 
1370 0 -70 52 18 -47 23 0 -72 39 58 -60 0 42 -19 0 21 -12 -19 27 0 -10 0 13 11 0 -25 0 10 0 0 0 -26 0 42 -23 -14 18 0 0 22 -15 -10 13 0 0 0 0 0 0 -11 0 11 0 -11 0 0 0 25 0 -13 0 0 0 
840 0 0 0 0 0 0 0 567 0 0 10 0 0 0 0 -208 0 0 0 0 0 0 0 -72 0 0 0 0 0 0 0 174 0 0 0 0 0 0 0 -47 0 0 0 0 0 0 0 -85 0 0 0 0 0 0 0 113 0 0 0 0 0 0 0 
1160 222 -224 192 -167 132 -88 47 0 0 0 0 0 0 0 0 0 0 0 0 0 0 0 0 0 0 0 0 0 0 0 0 0 0 0 0 0 0 0 0 0 0 0 0 0 0 0 0 0 0 0 0 0 0 0 0 0 0 0 0 0 0 0 0 
1156 220 -220 195 -168 129 -89 47 0 0 0 0 0 0 0 0 0 0 0 0 0 0 0 0 0 0 0 0 0 0 0 0 0 0 0 0 0 0 0 0 0 0 0 0 0 0 0 0 0 0 0 0 0 0 0 0 0 0 0 0 0 0 0 0 
729 144 -136 122 -104 81 -56 28 488 96 -91 82 -69 54 -37 19 -190 -37 35 -32 27 -21 14 0 -71 -14 13 -11 10 0 0 0 145 28 -27 24 -20 16 -11 0 -47 0 0 0 0 0 0 0 -78 -15 14 -13 11 0 0 0 97 19 -18 16 -13 10 0 0 
1418 0 0 0 0 0 0 0 0 0 0 0 0 0 0 0 0 0 0 0 0 0 0 0 0 0 0 0 0 0 0 0 0 0 0 0 0 0 0 0 0 0 0 0 0 0 0 0 0 0 0 0 0 0 0 0 0 0 0 0 0 0 0 0 
1369 26 39 -33 0 11 0 0 45 -18 -46 38 0 -18 0 0 -11 0 0 -16 0 15 -10 0 -19 0 14 0 0 0 0 0 22 -10 -15 0 0 0 0 0 0 0 0 0 0 0 0 0 0 0 0 0 0 0 0 0 11 0 0 0 0 0 0 0 
1265 0 0 0 0 0 0 0 155 0 0 -11 0 0 0 0 -74 0 0 -10 0 0 0 0 -32 0 0 0 0 0 0 0 42 0 0 0 0 0 0 0 -21 0 0 0 0 0 0 0 -30 0 0 0 0 0 0 0 31 0 0 0 0 0 0 0 
1370 66 -66 57 -49 39 -26 14 0 0 0 0 0 0 0 0 0 0 0 0 0 0 0 0 0 0 0 0 0 0 0 0 0 0 0 0 0 0 0 0 0 0 0 0 0 0 0 0 0 0 0 0 0 0 0 0 0 0 0 0 0 0 0 0 
1369 65 -65 58 -50 38 -26 14 0 0 0 0 0 0 0 0 0 0 0 0 0 0 0 0 0 0 0 0 0 0 0 0 0 0 0 0 0 0 0 0 0 0 0 0 0 0 0 0 0 0 0 0 0 0 0 0 0 0 0 0 0 0 0 0 
1241 43 -40 36 -31 24 -16 0 145 28 -27 24 -20 16 -11 0 -56 -11 10 0 0 0 0 0 -21 0 0 0 0 0 0 0 43 0 0 0 0 0 0 0 -14 0 0 0 0 0 0 0 -23 0 0 0 0 0 0 0 29 0 0 0 0 0 0 0 
1364 0 0 0 0 0 0 0 0 0 0 0 0 0 0 0 0 0 0 0 0 0 0 0 0 0 0 0 0 0 0 0 0 0 0 0 0 0 0 0 0 0 0 0 0 0 0 0 0 0 0 0 0 0 0 0 0 0 0 0 0 0 0 0 
1322 23 33 -29 0 10 0 0 39 -15 -39 33 0 -16 0 0 0 0 0 -14 0 13 0 0 -16 0 12 0 0 0 0 0 19 0 -13 0 0 0 0 0 0 0 0 0 0 0 0 0 0 0 0 0 0 0 0 0 10 0 0 0 0 0 0 0 
1232 0 0 0 0 0 0 0 134 0 0 0 0 0 0 0 -64 0 0 0 0 0 0 0 -28 0 0 0 0 0 0 0 37 0 0 0 0 0 0 0 -18 0 0 0 0 0 0 0 -26 0 0 0 0 0 0 0 27 0 0 0 0 0 0 0 
1322 57 -57 49 -43 34 -22 12 0 0 0 0 0 0 0 0 0 0 0 0 0 0 0 0 0 0 0 0 0 0 0 0 0 0 0 0 0 0 0 0 0 0 0 0 0 0 0 0 0 0 0 0 0 0 0 0 0 0 0 0 0 0 0 0 
1321 56 -56 50 -43 33 -23 12 0 0 0 0 0 0 0 0 0 0 0 0 0 0 0 0 0 0 0 0 0 0 0 0 0 0 0 0 0 0 0 0 0 0 0 0 0 0 0 0 0 0 0 0 0 0 0 0 0 0 0 0 0 0 0 0 
1211 37 -35 31 -26 21 -14 0 125 24 -23 21 -17 14 0 0 -49 0 0 0 0 0 0 0 -18 0 0 0 0 0 0 0 37 0 0 0 0 0 0 0 -12 0 0 0 0 0 0 0 -20 0 0 0 0 0 0 0 25 0 0 0 0 0 0 0 
