SJPG
24 16
mode 0
RLE
1322 5 7 -2 -7 5 #2 8 -8 3 1 -8 4 #2 5 -9 5 1 -7 5 2 -2 3 -4 -1 5 4 -11 -2 1 -1 #3 -2 3 -1 1 2 -1 -3 1 2 #11 -1 1
1370 -70 52 18 -47 23 -72 39 58 -60 -8 42 -19 -4 21 -12 -19 27 -5 -10 -1 13 11 4 -25 7 10 -6 -26 1 42 -23 -14 18 -9 6 22 -15 -10 13 -5 1 1 9 -11 -3 11 3 -11 4 -8 -7 25 -5 -13 4 4
840 -3 -6 7 -4 2 567 -4 -8 10 -6 3 -208 -4 -8 9 -6 3 -72 -4 -8 9 -6 3 174 -4 -7 8 -5 3 -47 -3 -6 7 -4 2 -85 -2 -4 5 -3 2 113 -1 -2 2 -1 1
1160 222 -224 192 -167 132 -88 47 6 8 5 2 -1 -3 -3 -2 -1 1 3 5 6 5 3 -2 -3 -4 -5 -6 -5 -4 -2 1 2 2 2 2 2 2 1 1 1 1 1 #3 -1 -2 -2 -2 -2 -2 -1 #2 1 1 1 1 1 1
1156 220 -220 195 -168 129 -89 47 3 -7 -5 1 #2 -5 -4 #4 1 -7 -9 -6 -2 -1 1 4 3 -1 -3 3 1 -1 -6 -5 3 6 2 -1 1 3 2 -7 -7 -2 2 -1 1 5 5 2 #2
729 144 -136 122 -104 81 -56 28 488 96 -91 82 -69 54 -37 19 -190 -37 35 -32 27 -21 14 -7 -71 -14 13 -11 10 -7 5 -2 145 28 -27 24 -20 16 -11 5 -47 -9 8 -7 6 -5 3 -1 -78 -15 14 -13 11 -8 6 -3 97 19 -18 16 -13 10 -7
1418 1 2 -2 1 #2 2 -2 1 -2 1 #2 1 -2 1 -2 1 #2 1 -1 1 1 -3 #7 1 #24
1369 26 39 -33 -4 11 -2 1 45 -18 -46 38 5 -18 7 -1 -11 7 9 -16 15 -10 -1 -19 6 14 -2 -5 -5 3 7 22 -10 -15 9 1 2 -2 -4 -3 5 -5 1 1 -3 2 -8 2 8 -4 -2 #2 2 11 -6 -6 4 #3
1265 4 7 -8 5 -2 155 5 9 -11 7 -3 -1 -74 5 9 -10 7 -3 -1 -32 4 7 -9 6 -3 42 3 6 -7 5 -2 -21 2 4 -5 3 -2 -30 1 3 -3 2 -1 31 1 -1 1 #2
1370 66 -66 57 -49 39 -26 14 1 2 1 #2 -1 -1 #5 1 1 1 #3 -1 -1 -1 -1 -1 #33
1369 65 -65 58 -50 38 -26 14 #2 -1 -1 #4 -1 -1 #6 -2 -2 -1 #5 1 1 #6 -2 -1 1 #6 -2 -2 #6 1 1 #4
1241 43 -40 36 -31 24 -16 8 145 28 -27 24 -20 16 -11 5 -56 -11 10 -9 8 -6 4 -2 -21 -4 3 -3 3 -2 1 43 8 -8 7 -6 4 -3 1 -14 -2 2 -2 2 -1 1 -23 -4 4 -3 3 -2 1 29 5 -5 4 -4 3 -2
1364 1 1 -1 1 #2 2 -2 #3 -2 1 #2 1 -2 1 -1 1 #3 -1 1 1 -2 #32
1322 23 33 -29 -3 10 -2 1 39 -15 -39 33 5 -16 6 -9 6 8 -14 1 13 -9 -16 5 12 -2 -5 -4 2 6 19 -9 -13 8 1 2 -1 -3 -3 4 -4 1 -2 2 -7 2 6 -3 -2 #2 2 10 -5 -5 4 #3
1232 3 6 -7 4 -2 134 4 8 -9 6 -3 -1 -64 4 7 -9 6 -3 -28 3 6 -7 5 -2 37 3 5 -6 4 -2 -18 2 4 -4 3 -1 -26 1 2 -3 2 -1 27 1 -1 1 #2
1322 57 -57 49 -43 34 -22 12 1 2 1 #9 1 1 1 #3 -1 -1 -1 -1 -1 #33
1321 56 -56 50 -43 33 -23 12 #2 -1 -1 #4 -1 -1 #6 -1 -2 -1 #5 1 #7 -1 -1 1 #6 -1 -2 #6 1 1 #4
1211 37 -35 31 -26 21 -14 7 125 24 -23 21 -17 14 -9 4 -49 -9 9 -8 7 -5 3 -1 -18 -3 3 -3 2 -2 1 37 7 -7 6 -5 4 -2 1 -12 -2 2 -2 1 -1 #2 -20 -4 3 -3 2 -2 1 25 4 -4 4 -3 2 -1
