SJPG
24 16
mode 2
RLE
1322 #30 -11 #32
1370 -70 52 18 -47 23 -72 39 58 -60 42 -19 21 -12 -19 27 -10 13 11 -25 10 #3 -26 42 -23 -14 18 #2 22 -15 -10 13 #6 -11 11 -11 #3 25 -13 #3
840 #7 567 #2 10 #4 -208 #7 -72 #7 174 #7 -47 #7 -85 #7 113 #7
1160 222 -224 192 -167 132 -88 47 #56
1156 220 -220 195 -168 129 -89 47 #56
729 144 -136 122 -104 81 -56 28 488 96 -91 82 -69 54 -37 19 -190 -37 35 -32 27 -21 14 -71 -14 13 -11 10 #3 145 28 -27 24 -20 16 -11 -47 #7 -78 -15 14 -13 11 #3 97 19 -18 16 -13 10 #2
1394 33 -30 30 -24 20 -13 #57
1369 15 -18 57 16 -30 23 18 -27 -23 22 19 #6 -11 -10 -10 #7 11 #2 -10 #28
1253 18 -18 23 -11 11 -13 150 10 -10 19 #2 -12 -65 #7 -27 #7 43 #7 -17 #7 -26 #7 30 #7
1418 #63
1369 25 34 -28 19 -14 45 -17 -42 35 -23 17 -11 12 -18 12 #2 -19 11 #5 22 -12 #21 11 #7
1265 #7 155 #2 -11 #4 -74 #2 -10 #4 -32 #7 42 #7 -21 #7 -30 #7 31 #7
1370 61 -47 21 -14 19 -12 #56
1369 60 -46 22 -15 19 -12 #56
1241 39 -28 14 #2 11 145 26 -19 #5 -56 -10 #6 -21 #7 43 #7 -14 #7 -23 #7 29 #7
